Car 7.68 352.640256 286.72 500.480256
Car 53.76 362.88 163.84 417.27974399999994
Car 268.16 341.76 362.24 381.44025600000003
Car 353.92 339.20025599999997 454.4 417.27974399999994
Car 394.24 326.4 449.92 360.96
Car 449.92 325.119744 496.0 358.400256
Car 536.96 328.32 575.36 358.400256
Car 608.64 322.56 625.28 336.0
Car 626.56 322.56 633.6 330.879744
Car 636.16 321.279744 643.84 329.600256
Car 670.72 317.439744 680.96 341.120256
Car 889.6 316.79999999999995 1022.08 368.00025600000004
Car 998.4 324.48 1023.36 376.32
