Car 341.76 485.44785499999995 628.48 685.0
Car 233.6 465.621215 277.76 516.787975
Car 247.68 461.78315999999995 309.76 525.102505
Car 263.68 461.78315999999995 405.12 564.117365
Car 411.52 455.387315 467.2 493.12327999999997
Car 436.48 460.50426500000003 508.8 490.56480500000004
Car 499.84 464.341635 568.96 496.96065
Car 553.6 457.94579 658.56 544.290725
Car 720.0 464.341635 777.6 503.996285
Car 818.56 461.78315999999995 881.28 501.43780999999996
Car 906.24 459.22537000000005 973.44 511.671025
Car 995.84 460.50426500000003 1020.8 493.12327999999997
