Car 94.08 281.616654 506.24 481.948467
Car 427.52 275.85607500000003 496.0 297.61742999999996
Car 498.56 277.136355 561.28 328.339383
Car 568.96 282.256794 599.68 314.898486
Car 584.96 256.01514 902.4 499.869663
Car 597.76 277.136355 625.92 327.059103
Car 752.64 276.496215 792.32 310.418187
Car 812.16 278.416635 855.04 309.778047
Car 877.44 282.256794 922.24 313.618206
Car 926.08 282.256794 948.48 299.53785
Car 937.6 286.737093 988.8 311.698467
Car 960.0 292.496991 984.96 316.178766
Car 1008.0 286.096953 1023.36 303.378009
