Car 0.0 375.03974400000004 98.56 444.800256
Car 0.0 469.76025599999997 173.44 673.92
Car 44.16 365.439744 83.84 398.72025600000006
Car 87.68 375.03974400000004 145.92 397.43999999999994
Car 94.08 390.39974400000006 236.16 467.199744
Car 237.44 401.28 369.28 476.799744
Car 382.72 440.96025599999996 706.56 767.360256
Car 444.8 416.00025600000004 517.76 480.63974399999995
Car 665.6 398.72025600000006 713.6 430.08000000000004
Car 693.76 402.56025600000004 760.96 443.52
Car 739.84 451.20000000000005 1023.36 767.360256
Car 764.8 408.96 831.36 444.800256
Car 958.08 414.72 1022.72 464.64
