Car 0.0 734.08 136.291488 791.68
Car 0.0 734.08 171.48438399999998 796.8
Car 2.5594 781.44 172.123852 876.16
Car 5.1188 707.84 214.99494800000002 770.56
Car 173.403552 583.68 232.91151200000002 636.16
Car 174.683252 548.48 227.15247999999997 587.52
Car 211.79531599999999 552.32 271.303276 609.92
Car 234.83067999999997 757.12 492.057256 837.12
Car 250.187844 522.88 302.656308 571.52
Car 259.145744 613.76 342.968004 690.56
Car 268.103644 795.52 539.40692 882.56
Car 269.383344 409.6 444.06736 540.8
Car 288.579608 576.64 351.28643600000004 611.84
Car 292.418708 559.36 353.206368 588.8
Car 302.656308 595.84 362.164268 655.36
Car 319.93264 513.92 376.240968 567.68
Car 518.291488 686.72 694.894672 757.12
Car 616.1912120000001 746.24 763.359768 844.16
Car 620.030312 711.68 763.359768 788.48
Car 679.537508 805.76 763.359768 882.56
