Car 41.193845 472.171776 379.81003200000004 635.3303040000001
Car 241.397562 499.36512 492.68241400000005 622.146048
Car 533.876259 482.05977599999994 684.647362 566.935296
Car 566.007554 538.094592 667.345084 604.841472
Car 598.138849 499.36512 717.602438 553.75104
Car 631.094884 496.068864 812.3487610000001 566.935296
Car 644.276339 512.549376 879.083653 661.699584
Car 691.23761 493.596672 899.6800959999999 572.703744
Car 759.6200640000001 492.772608 930.163829 570.231552
Car 828.826299 491.12447999999995 945.817586 547.158528
Car 899.6800959999999 517.49376 958.176219 626.266368
