0 0.935454 0.445280 0.127002 0.089336
0 0.983457 0.457279 0.033008 0.067995
0 0.142954 0.565280 0.273994 0.196003
0 0.395459 0.491276 0.105000 0.104010
0 0.544961 0.447279 0.050000 0.047995
0 0.574956 0.428613 0.042002 0.042669
0 0.603457 0.429277 0.023008 0.030664
0 0.698955 0.443275 0.075996 0.098659
0 0.096958 0.503275 0.087998 0.074674
0 0.301460 0.477272 0.117002 0.062669
0 0.416460 0.449941 0.062998 0.045326
0 0.459458 0.445944 0.058994 0.037331
0 0.619956 0.423275 0.013994 0.018659
0 0.659458 0.422611 0.012998 0.022669
