0 0.226968 0.646453 0.053135 0.066978
0 0.242598 0.759387 0.063555 0.096584
0 0.350967 0.760161 0.065645 0.098131
0 0.453076 0.915912 0.117734 0.135474
0 0.199873 0.982905 0.107324 0.032701
0 0.181641 0.917489 0.097949 0.110599
0 0.154551 0.820131 0.072930 0.093460
0 0.144131 0.733686 0.062520 0.082555
0 0.271255 0.581036 0.045850 0.076321
0 0.204043 0.481343 0.026055 0.026482
0 0.216025 0.496927 0.029180 0.032715
0 0.237388 0.533533 0.040635 0.049839
0 0.249893 0.557679 0.032305 0.035825
0 0.165493 0.433058 0.042725 0.032715
0 0.194146 0.425270 0.035420 0.035825
0 0.166016 0.384774 0.041680 0.029606
0 0.235303 0.426051 0.036465 0.034263
0 0.128501 0.517949 0.050010 0.034263
0 0.107139 0.480569 0.032305 0.037372
0 0.085781 0.444745 0.027090 0.034277
0 0.090991 0.428387 0.035420 0.032715
0 0.108184 0.395679 0.051055 0.042044
