0 0.439985 0.549097 0.018838 0.023369
0 0.515610 0.522617 0.017139 0.020254
0 0.415918 0.554546 0.045176 0.034268
0 0.374565 0.562339 0.059346 0.046729
0 0.333286 0.578691 0.076475 0.070098
0 0.285776 0.598159 0.121650 0.096572
0 0.168955 0.626978 0.187070 0.166670
0 0.056807 0.668257 0.112305 0.267920
0 0.556108 0.542866 0.023369 0.020244
0 0.581812 0.555327 0.028037 0.029600
0 0.607510 0.567007 0.017129 0.052959
0 0.633989 0.561558 0.045166 0.051396
0 0.678379 0.582588 0.080996 0.074766
0 0.739131 0.596606 0.093457 0.084111
0 0.852837 0.627759 0.214951 0.140186
0 0.922148 0.680718 0.151094 0.208721
