0 0.603359 0.672943 0.049180 0.043620
0 0.565981 0.670605 0.039834 0.035820
0 0.533267 0.666712 0.042178 0.037383
0 0.495361 0.661263 0.050234 0.032708
0 0.064282 0.673724 0.029209 0.023359
0 0.137300 0.672943 0.035049 0.031146
0 0.177603 0.669049 0.047900 0.051406
0 0.202720 0.672161 0.044385 0.045182
0 0.236597 0.677617 0.042061 0.043620
0 0.276904 0.662038 0.050234 0.040508
0 0.306694 0.677617 0.065420 0.059193
0 0.346997 0.684629 0.082939 0.054518
0 0.395479 0.690078 0.074766 0.049844
0 0.459165 0.697865 0.125029 0.068542
0 0.272217 0.867617 0.463770 0.258516
0 0.750615 0.883978 0.495332 0.232044
