0 0.960513 0.690854 0.028135 0.024920
0 0.981875 0.698642 0.035430 0.040496
0 0.851631 0.684620 0.027090 0.034263
0 0.798174 0.697263 0.025527 0.028715
0 0.831060 0.707642 0.061572 0.046117
0 0.729463 0.704182 0.055254 0.043810
0 0.639873 0.693912 0.016992 0.026569
0 0.335591 0.678015 0.013330 0.014657
0 0.224214 0.698445 0.009619 0.051431
0 0.240498 0.707401 0.025645 0.073431
0 0.252734 0.715109 0.019746 0.061547
0 0.268682 0.732642 0.020586 0.087533
0 0.324199 0.755219 0.110703 0.132190
0 0.349087 0.680547 0.019404 0.015635
0 0.362163 0.685839 0.013838 0.025226
0 0.379463 0.696562 0.026152 0.043139
0 0.401992 0.699599 0.029023 0.055752
0 0.426289 0.699723 0.033750 0.054482
0 0.464004 0.697942 0.064297 0.042861
0 0.524927 0.700226 0.061592 0.042380
0 0.480225 0.853358 0.252051 0.289781
0 0.595381 0.733650 0.100918 0.117314
