0 0.808418 0.204128 0.031621 0.026510
5 0.491646 0.190299 0.118682 0.053906
5 0.399053 0.189870 0.065859 0.035651
5 0.579019 0.190306 0.053467 0.027826
5 0.673896 0.191367 0.058691 0.025703
5 0.741221 0.196608 0.088359 0.042174
1 0.925845 0.181016 0.032061 0.043464
1 0.970283 0.187897 0.059434 0.057956
0 0.927256 0.200397 0.025547 0.019206
0 0.710913 0.247194 0.121689 0.051836
0 0.522744 0.242689 0.141973 0.054831
5 0.090776 0.228060 0.181553 0.084375
0 0.054756 0.310482 0.109512 0.072682
0 0.199814 0.347474 0.399629 0.201198
0 0.069810 0.532031 0.136260 0.210833
0 0.540820 0.563431 0.822656 0.592148
0 0.857939 0.911810 0.279258 0.176380
