0 0.237646 0.397617 0.013145 0.043203
0 0.247979 0.399492 0.011270 0.030677
0 0.254316 0.405755 0.009863 0.035677
0 0.261592 0.406693 0.010332 0.032552
0 0.272388 0.409512 0.019717 0.046940
0 0.280840 0.411387 0.009395 0.030664
0 0.291875 0.419525 0.016426 0.053216
0 0.306191 0.431732 0.028164 0.062604
0 0.329668 0.423594 0.021602 0.070104
0 0.403140 0.404473 0.121592 0.048268
0 0.405488 0.387910 0.041777 0.043815
0 0.288354 0.384473 0.019717 0.020664
0 0.127324 0.389167 0.037559 0.030052
0 0.182485 0.376647 0.013623 0.011263
0 0.353140 0.456458 0.028174 0.063229
0 0.386475 0.458965 0.046953 0.073242
0 0.523359 0.391478 0.125742 0.035690
0 0.586230 0.390937 0.095723 0.025964
0 0.735103 0.404993 0.221475 0.099518
0 0.483623 0.595384 0.726113 0.382930
