0 0.667441 0.540638 0.038066 0.033594
0 0.712725 0.557812 0.059980 0.057943
0 0.775977 0.562168 0.061914 0.056914
0 0.965332 0.575846 0.063398 0.051563
3 0.953574 0.523483 0.091699 0.055299
3 0.892573 0.529336 0.019932 0.073359
0 0.117461 0.503724 0.066328 0.033073
0 0.065679 0.493698 0.027646 0.027943
0 0.045693 0.536250 0.089043 0.081510
0 0.158550 0.559017 0.138877 0.093034
0 0.296533 0.571022 0.127578 0.094362
0 0.091055 0.751087 0.182109 0.268685
0 0.517358 0.818783 0.348213 0.359779
0 0.860815 0.831348 0.276787 0.337305
