0 0.286792 0.153672 0.034834 0.019688
0 0.239795 0.147513 0.054219 0.019687
0 0.418950 0.149049 0.042920 0.026458
0 0.633062 0.156126 0.035986 0.017227
0 0.642061 0.178125 0.031836 0.042760
0 0.694595 0.182585 0.065518 0.050456
0 0.608774 0.206048 0.111631 0.097461
0 0.632695 0.266732 0.058477 0.046068
0 0.346968 0.182565 0.043193 0.048724
0 0.408267 0.208262 0.078740 0.093034
0 0.253110 0.180573 0.021592 0.042083
0 0.295137 0.211589 0.085723 0.082839
0 0.129683 0.226178 0.169834 0.181159
0 0.225415 0.220944 0.033018 0.079102
0 0.018340 0.213607 0.036680 0.088672
0 0.794653 0.184609 0.073447 0.038203
0 0.849053 0.199095 0.046934 0.084102
0 0.812046 0.216393 0.037490 0.038203
