3 0.566695 0.398975 0.035982 0.021230
0 0.503946 0.493125 0.048390 0.034609
3 0.513678 0.461606 0.055838 0.032686
1 0.480033 0.443989 0.042945 0.025635
0 0.550995 0.464722 0.018063 0.024229
0 0.557016 0.440176 0.032644 0.029238
0 0.520733 0.427813 0.020183 0.018613
0 0.532906 0.409209 0.024346 0.023926
0 0.543894 0.378198 0.049882 0.016826
0 0.449791 0.480083 0.031466 0.023916
0 0.403181 0.460596 0.035628 0.024805
0 0.420098 0.488062 0.038599 0.023037
0 0.384771 0.491606 0.042762 0.013291
0 0.400864 0.510386 0.033848 0.027021
0 0.465517 0.532578 0.057003 0.040312
0 0.360720 0.533022 0.050471 0.032334
0 0.366126 0.507285 0.046309 0.025254
0 0.263626 0.552974 0.064162 0.040342
0 0.317971 0.566245 0.070654 0.051826
0 0.375942 0.560674 0.036178 0.022129
0 0.419804 0.540107 0.070052 0.018164
0 0.462258 0.557827 0.023154 0.019932
0 0.421878 0.558711 0.075406 0.020820
0 0.417428 0.575547 0.079568 0.020820
0 0.380910 0.591050 0.032657 0.017275
0 0.432271 0.595044 0.085510 0.024365
0 0.451027 0.619141 0.051060 0.037207
0 0.395458 0.639116 0.104503 0.077959
0 0.260085 0.584854 0.062945 0.025254
0 0.282644 0.608330 0.048691 0.031445
0 0.199522 0.638452 0.130615 0.097900
4 0.034974 0.619585 0.024450 0.039170
4 0.256983 0.518340 0.023861 0.020918
0 0.784378 0.697368 0.228285 0.053584
0 0.783102 0.727026 0.080366 0.024873
0 0.951113 0.713955 0.094895 0.038262
0 0.859620 0.740103 0.103455 0.033174
0 0.944274 0.760522 0.110275 0.052295
0 0.849791 0.789541 0.099188 0.068262
0 0.942552 0.826230 0.113717 0.072734
0 0.533017 0.811230 0.361662 0.109082
0 0.344921 0.781567 0.098325 0.052314
0 0.512068 0.755093 0.251361 0.044014
0 0.152120 0.694175 0.112853 0.040830
0 0.212395 0.715547 0.106885 0.042734
0 0.246597 0.737236 0.060707 0.045293
0 0.185465 0.739790 0.063259 0.044014
0 0.198292 0.756372 0.061558 0.042744
0 0.082474 0.745527 0.164948 0.050391
0 0.115353 0.810913 0.227435 0.086748
3 0.640740 0.930454 0.365929 0.139092
0 0.711741 0.462271 0.050707 0.042764
0 0.584332 0.378750 0.033403 0.015996
