0 0.106929 0.298783 0.036982 0.024570
0 0.065371 0.300176 0.044062 0.025273
0 0.030791 0.298125 0.018965 0.035078
0 0.020474 0.305378 0.012021 0.045573
0 0.173726 0.282546 0.020693 0.013529
0 0.247476 0.274017 0.078740 0.023841
0 0.182207 0.303828 0.023770 0.030443
0 0.203564 0.287891 0.017891 0.023490
0 0.317661 0.272936 0.036982 0.013893
0 0.359048 0.272135 0.044463 0.011224
0 0.484160 0.281836 0.056484 0.019219
0 0.505386 0.302044 0.029775 0.035417
0 0.592803 0.269414 0.021973 0.021615
0 0.647295 0.264792 0.009473 0.011589
0 0.740850 0.268242 0.062012 0.022656
0 0.850454 0.271419 0.067061 0.036615
0 0.980630 0.316439 0.038740 0.105924
0 0.736284 0.339167 0.262021 0.128203
0 0.558184 0.573529 0.600332 0.565729
0 0.230186 0.442122 0.118867 0.282865
0 0.159468 0.444128 0.049658 0.162500
