0 0.805522 0.842305 0.065908 0.034219
0 0.752075 0.834297 0.013994 0.033828
0 0.716641 0.847324 0.032949 0.023320
0 0.896172 0.815391 0.042930 0.045365
0 0.956724 0.809850 0.033213 0.042383
0 0.970493 0.768815 0.030381 0.027266
0 0.923813 0.773405 0.036650 0.020794
0 0.845957 0.807962 0.024297 0.035378
0 0.811230 0.808639 0.033008 0.031862
0 0.774370 0.807695 0.028154 0.019167
0 0.767388 0.836452 0.013369 0.031315
0 0.701475 0.809173 0.028555 0.035638
0 0.698052 0.777103 0.030576 0.025117
0 0.784497 0.780020 0.048799 0.024310
0 0.824795 0.774349 0.030977 0.024844
0 0.433315 0.860326 0.539834 0.249609
0 0.180371 0.898639 0.175020 0.186914
