0 0.580903 0.727389 0.160986 0.088268
0 0.073857 0.652161 0.094785 0.070208
0 0.029468 0.713353 0.057178 0.100299
0 0.448828 0.635495 0.052070 0.035833
0 0.501733 0.636055 0.053740 0.033594
0 0.539731 0.634095 0.018057 0.021836
0 0.586553 0.635215 0.045352 0.029674
0 0.341958 0.622337 0.036533 0.029674
0 0.312354 0.622897 0.032754 0.021836
0 0.281704 0.622057 0.030225 0.023516
0 0.252524 0.620658 0.028975 0.025195
0 0.211792 0.616738 0.053330 0.029674
0 0.161821 0.615339 0.033174 0.025755
0 0.111641 0.611139 0.018477 0.020716
0 0.131167 0.612819 0.027295 0.027435
0 0.077627 0.609460 0.042832 0.025195
0 0.756406 0.636504 0.030234 0.022956
0 0.661885 0.636165 0.031914 0.033034
