0 0.455674 0.841062 0.037441 0.030796
0 0.619375 0.839211 0.056348 0.024086
0 0.763721 0.847493 0.050039 0.027994
0 0.724097 0.848444 0.008525 0.014558
0 0.869961 0.849853 0.034102 0.025192
0 0.933540 0.850125 0.084150 0.035826
0 0.496118 0.851527 0.011494 0.019602
0 0.509277 0.841150 0.019336 0.044838
0 0.178242 0.878960 0.087480 0.063260
0 0.076675 0.946423 0.066729 0.094056
0 0.043340 0.972463 0.086680 0.052065
0 0.041812 0.943038 0.045264 0.039233
0 0.042920 0.922603 0.026719 0.026357
0 0.020122 0.938842 0.022646 0.017419
0 0.088350 0.859926 0.072285 0.046460
0 0.032007 0.828857 0.063389 0.019041
0 0.330981 0.824661 0.013330 0.020708
0 0.313916 0.824653 0.023730 0.011755
