0 0.059287 0.817891 0.041406 0.073880
0 0.128105 0.822943 0.095645 0.084766
0 0.023521 0.799030 0.047041 0.051706
0 0.131025 0.775313 0.038496 0.017500
0 0.090347 0.770072 0.040537 0.031107
0 0.246968 0.787487 0.069111 0.124427
0 0.299277 0.803503 0.051328 0.101094
0 0.298110 0.743242 0.043154 0.045885
0 0.480654 0.783092 0.027988 0.033060
0 0.627622 0.778229 0.039658 0.032656
0 0.553262 0.776875 0.078730 0.050938
0 0.603711 0.777845 0.016328 0.040430
0 0.743477 0.858034 0.238242 0.238646
0 0.871968 0.872546 0.035674 0.111263
0 0.891313 0.798776 0.051396 0.083047
0 0.975972 0.804023 0.047764 0.079010
0 0.401538 0.864082 0.200146 0.194310
0 0.375542 0.762904 0.097354 0.051589
