1 0.519468 0.691842 0.190865 0.173841
0 0.801277 0.761940 0.220052 0.179453
0 0.976423 0.732500 0.044901 0.120573
0 0.211840 0.738105 0.357028 0.165430
0 0.393723 0.724089 0.195349 0.154219
0 0.657044 0.682975 0.109041 0.091081
0 0.662680 0.735462 0.075954 0.059154
0 0.747654 0.678750 0.076705 0.046953
0 0.797669 0.669362 0.081971 0.046953
0 0.878879 0.669824 0.057904 0.038503
0 0.912351 0.668424 0.045120 0.031927
0 0.926262 0.712559 0.083472 0.056341
0 0.974765 0.656211 0.048133 0.061979
0 0.903321 0.640247 0.058655 0.048828
